
1.
4
/7 0 2 5 
/5 4 0 5 
/1 1 0 1 0 0 0 0 0 1 0 0 1 0 0 1 /
2.
4
/7 2 4 5 
/7 2 4 5 
/0 0 1 1 0 1 0 0 1 0 1 0 1 0 0 1 /
3.
4
/5 0 2 7 
/4 8 1 4 
/0 1 1 0 0 0 0 0 0 1 0 0 1 1 0 1 /
4.
4
/9 0 6 10 
/7 8 8 5 
/0 1 1 1 0 0 0 0 1 1 1 0 1 1 1 1 /
5.
4
/0 4 8 8 
/9 0 9 7 
/0 0 0 0 1 0 1 0 1 0 1 1 1 0 1 1 /
6.
4
/10 7 7 9 
/4 8 7 10 
/1 1 1 1 0 0 1 1 1 1 0 1 0 1 1 1 /
7.
4
/10 8 7 10 
/10 8 7 10 
/1 1 1 1 1 0 1 1 1 1 0 1 1 1 1 1 /
8.
4
/7 7 6 4 
/4 4 5 7 
/1 1 0 1 0 0 1 1 1 1 1 0 0 0 0 1 /
9.
4
/6 4 4 10 
/7 5 7 7 
/1 1 1 0 1 0 1 0 0 0 0 1 1 1 1 1 /
10.
4
/9 0 8 0 
/3 1 4 4 
/0 1 1 1 0 0 0 0 1 0 1 1 0 0 0 0 /
11.
4
/3 4 3 8 
/8 4 4 6 
/1 1 0 0 0 0 0 1 1 1 0 0 1 0 1 1 /
12.
4
/2 9 4 4 
/4 3 6 5 
/0 1 0 0 0 1 1 1 0 0 0 1 1 0 1 0 /
13.
4
/0 7 2 4 
/4 3 6 2 
/0 0 0 0 0 0 1 1 0 1 0 0 1 0 1 0 /
14.
4
/0 5 2 1 
/4 5 2 0 
/0 0 0 0 0 1 1 0 0 1 0 0 1 0 0 0 /
15.
4
/9 5 0 7 
/6 5 1 7 
/0 1 1 1 1 0 0 1 0 0 0 0 1 1 0 1 /
16.
4
/1 1 6 8 
/10 3 7 4 
/1 0 0 0 1 0 0 0 1 1 1 0 1 0 1 1 /
17.
4
/9 1 4 9 
/5 5 8 5 
/0 1 1 1 1 0 0 0 1 0 1 0 0 1 1 1 /
18.
4
/6 8 8 10 
/10 5 10 9 
/1 1 1 0 1 0 1 1 1 0 1 1 1 1 1 1 /
