
1.
6
/17 4 18 12 9 14 
/11 5 10 20 13 10 
/1 1 1 0 1 1 0 0 0 1 0 0 0 0 1 1 1 1 1 1 0 1 1 0 0 0 0 1 1 0 1 0 1 1 0 1 /
2.
6
/10 5 13 18 14 5 
/4 10 16 8 11 12 
/1 1 1 1 0 0 0 0 0 0 1 0 1 1 0 1 0 1 0 0 1 1 1 1 0 0 1 0 1 1 0 1 1 0 0 0 /
3.
6
/10 2 18 2 0 18 
/10 16 1 10 9 9 
/1 1 1 1 0 0 0 1 0 0 0 0 1 1 0 1 1 1 0 1 0 0 0 0 0 0 0 0 0 0 1 1 0 1 1 1 /
4.
6
/0 15 4 13 13 0 
/3 2 14 11 0 11 
/0 0 0 0 0 0 0 1 1 1 0 1 1 0 1 0 0 0 0 0 1 1 0 1 0 0 1 1 0 1 0 0 0 0 0 0 /
5.
6
/18 6 3 14 14 9 
/10 9 18 10 5 12 
/0 0 1 1 1 1 1 1 1 0 0 0 1 1 0 0 0 0 0 1 1 1 1 0 1 0 1 1 0 1 0 0 1 0 0 1 /
6.
6
/18 4 19 13 11 18 
/21 12 14 14 19 10 
/1 1 0 1 1 1 1 0 1 0 0 0 1 0 1 1 1 1 1 0 1 1 1 0 1 1 1 0 1 0 1 1 0 1 1 1 /
7.
6
/20 16 16 1 16 7 
/9 6 12 12 11 11 
/0 1 1 1 1 1 1 0 0 1 1 1 1 0 0 1 1 1 1 0 0 0 0 0 0 1 1 0 1 1 0 0 1 1 0 0 /
8.
6
/4 15 18 16 8 3 
/10 12 14 10 8 9 
/0 0 0 1 0 0 0 1 1 1 0 1 0 0 1 1 1 1 1 1 1 1 0 1 0 0 1 0 1 0 1 1 0 0 0 0 /
9.
6
/10 15 4 19 21 0 
/11 6 12 12 12 11 
/0 1 1 0 1 0 1 0 1 0 1 1 0 0 0 1 0 0 1 0 1 1 1 1 1 1 1 1 1 1 0 0 0 0 0 0 /
10.
6
/5 9 11 0 20 1 
/6 6 6 7 10 8 
/0 1 1 0 0 0 0 0 0 1 1 0 0 0 0 0 1 1 0 0 0 0 0 0 0 1 1 1 1 1 1 0 0 0 0 0 /
11.
6
/5 0 20 19 0 1 
/10 4 8 7 7 7 
/0 1 1 0 0 0 0 0 0 0 0 0 0 1 1 1 1 1 1 0 1 1 1 1 0 0 0 0 0 0 1 0 0 0 0 0 /
12.
6
/1 21 12 16 5 13 
/15 6 12 17 5 15 
/1 0 0 0 0 0 1 1 1 1 1 1 1 0 0 0 1 1 1 1 1 1 0 1 1 0 0 1 0 0 0 0 1 1 0 1 /
13.
6
/11 20 3 10 14 1 
/10 10 7 12 7 7 
/1 0 0 1 0 1 0 1 1 1 1 1 1 1 0 0 0 0 0 0 0 1 0 1 0 1 1 1 1 0 1 0 0 0 0 0 /
14.
6
/4 8 18 6 14 8 
/11 15 5 8 16 8 
/0 0 0 1 0 0 1 1 0 0 1 0 1 1 0 1 1 1 0 1 0 1 0 0 0 0 1 0 1 1 1 1 0 0 1 0 /
15.
6
/3 13 8 19 6 11 
/18 6 16 9 15 6 
/0 0 1 0 0 0 0 0 1 1 0 1 1 0 1 1 0 0 1 0 1 1 1 1 1 0 0 0 1 0 1 1 1 0 1 0 /
