
1.
5
/6 2 14 13 9 
/4 11 12 13 7 
/0 1 0 1 0 0 1 0 0 0 0 1 1 1 1 1 0 1 1 1 0 1 1 1 0 /
2.
5
/4 1 4 9 2 
/7 5 5 3 4 
/1 0 1 0 0 1 0 0 0 0 0 0 0 1 0 1 0 1 0 1 0 1 0 0 0 /
3.
5
/14 2 2 13 14 
/4 11 10 10 10 
/0 1 1 1 1 0 1 0 0 0 0 1 0 0 0 1 0 1 1 1 0 1 1 1 1 /
4.
5
/12 3 2 2 15 
/6 13 7 6 6 
/1 1 0 1 1 0 0 1 0 0 0 1 0 0 0 0 1 0 0 0 1 1 1 1 1 /
5.
5
/5 10 0 12 2 
/6 12 3 6 4 
/0 1 1 0 0 1 1 1 1 0 0 0 0 0 0 1 1 0 1 1 0 1 0 0 0 /
6.
5
/5 6 15 2 13 
/10 8 9 8 10 
/0 1 1 0 0 1 0 0 0 1 1 1 1 1 1 0 1 0 0 0 1 0 1 1 1 /
7.
5
/7 14 4 9 0 
/1 3 2 10 6 
/1 1 0 1 0 0 1 1 1 1 0 0 0 1 0 0 0 0 1 1 0 0 0 0 0 /
8.
5
/3 10 13 9 14 
/10 6 12 10 14 
/1 1 0 0 0 1 0 0 1 1 1 0 1 1 1 1 0 1 0 1 0 1 1 1 1 /
9.
5
/6 0 3 4 12 
/5 1 13 5 5 
/1 1 1 0 0 0 0 0 0 0 0 0 1 0 0 1 0 1 0 0 0 0 1 1 1 /
10.
5
/13 10 5 1 12 
/7 5 11 8 6 
/1 0 1 1 1 1 1 1 1 0 0 1 1 0 0 1 0 0 0 0 0 0 1 1 1 /
11.
5
/8 13 10 8 11 
/11 12 11 2 15 
/0 0 1 0 1 1 0 1 1 1 0 1 1 0 1 1 1 0 0 1 1 1 1 0 1 /
12.
5
/8 1 7 14 3 
/8 10 7 7 5 
/1 1 0 0 1 1 0 0 0 0 0 0 1 1 0 0 1 1 1 1 1 1 0 0 0 /
13.
5
/9 14 9 12 2 
/3 8 10 7 9 
/0 1 1 1 0 0 1 1 1 1 1 0 1 0 1 0 0 1 1 1 0 1 0 0 0 /
14.
5
/2 10 12 7 5 
/2 10 8 5 9 
/0 1 0 0 0 1 0 0 1 1 0 0 1 1 1 0 1 0 0 1 0 1 1 0 0 /
15.
5
/12 12 6 9 4 
/11 6 8 7 7 
/1 1 0 1 1 1 1 0 1 1 1 1 1 0 0 0 0 0 1 1 1 0 1 0 0 /
16.
5
/7 13 10 1 11 
/15 9 10 6 7 
/1 1 0 1 0 1 0 1 1 1 1 1 1 1 0 1 0 0 0 0 1 1 1 0 1 /
17.
5
/0 5 5 4 4 
/8 2 7 7 0 
/0 0 0 0 0 0 1 1 0 0 1 0 0 1 0 0 0 0 1 0 1 0 1 0 0 /
18.
5
/8 6 3 1 7 
/15 9 0 5 3 
/1 1 0 0 1 1 0 0 0 1 1 1 0 0 0 1 0 0 0 0 1 1 0 1 0 /
19.
5
/8 7 11 1 3 
/8 5 9 1 5 
/1 0 1 1 0 0 1 0 0 1 1 1 1 0 1 1 0 0 0 0 0 0 1 0 0 /
